380 0.0001882050000 0.0000859000000 0.0000958000000
385 0.0004402220000 0.0001661180000 0.0002587340000
390 0.0015615910000 0.0004632100000 0.0011814660000
395 0.0062188580000 0.0013148640000 0.0068810150000
400 0.0222467340000 0.0036962760000 0.0319377330000
405 0.0491205110000 0.0080560900000 0.0879885150000
410 0.1028129470000 0.0172416310000 0.2162103010000
415 0.1054678010000 0.0219539910000 0.2769182360000
420 0.1173526630000 0.0287314550000 0.3840082950000
425 0.1084897740000 0.0364389010000 0.4983081080000
430 0.0784943470000 0.0374733110000 0.4859330570000
435 0.0654292700000 0.0477630090000 0.6184892350000
440 0.0512666200000 0.0579896580000 0.6965586240000
445 0.0383008540000 0.0632723910000 0.7117941570000
450 0.0360883710000 0.0784519720000 0.8215406250000
455 0.0380763060000 0.0997300240000 0.9182860660000
460 0.0368943650000 0.1120977670000 0.8186156120000
465 0.0443959440000 0.1560131740000 0.9071030550000
470 0.0559186820000 0.2175013040000 1.0000000000000
475 0.0603071760000 0.2384344930000 0.8648004700000
480 0.0667790150000 0.2696707970000 0.8780827230000
485 0.0745051070000 0.3001018120000 0.8743037690000
490 0.0756297800000 0.2907372550000 0.7046740360000
495 0.0857911030000 0.3283306420000 0.6281439970000
500 0.1089432090000 0.4246660040000 0.5888167840000
505 0.1380998670000 0.5231351730000 0.5130828550000
510 0.1687363960000 0.5916978680000 0.4362529150000
515 0.2206676590000 0.7425217190000 0.3922304220000
520 0.2686621050000 0.8322071870000 0.3435403620000
525 0.3215601630000 0.9121622970000 0.3126758610000
530 0.3767168200000 0.9764930820000 0.3041092320000
535 0.4107771940000 0.9735079730000 0.2922406580000
540 0.4218784010000 1.0000000000000 0.2911649170000
545 0.3889935080000 0.9312444610000 0.2695982080000
550 0.3541546080000 0.8893566520000 0.2483121010000
555 0.3428334400000 0.7626614730000 0.2132865790000
560 0.3807257190000 0.6939213440000 0.1942952750000
565 0.4698855630000 0.5991218000000 0.1705972480000
570 0.5994078620000 0.5303155310000 0.1550558260000
575 0.7138213260000 0.4180381910000 0.1317383000000
580 0.8081331600000 0.3400432940000 0.1160478870000
585 0.9399759540000 0.2767600700000 0.1049545780000
590 1.0000000000000 0.2178678850000 0.0932580380000
595 0.9560642450000 0.1550625720000 0.0765564660000
600 0.8947040870000 0.1153798100000 0.0646415720000
605 0.7677429020000 0.0891030080000 0.0536238860000
610 0.7987771510000 0.0830041120000 0.0520992770000
615 0.7631115090000 0.0759738250000 0.0490984200000
620 0.6825579240000 0.0675510410000 0.0446773370000
625 0.5611666300000 0.0565718320000 0.0382092000000
630 0.4366807810000 0.0454376650000 0.0317137160000
635 0.4147819370000 0.0424875080000 0.0307812110000
640 0.3809634280000 0.0391227800000 0.0297866970000
645 0.3054066390000 0.0323389650000 0.0263855780000
650 0.2600127510000 0.0283427750000 0.0244832700000
655 0.1910332960000 0.0220015420000 0.0206465690000
660 0.1411719090000 0.0171519070000 0.0174806350000
665 0.1223961060000 0.0152800500000 0.0158814820000
670 0.1022997120000 0.0134439240000 0.0141446200000
675 0.0785509600000 0.0113487930000 0.0119652070000
680 0.0604741440000 0.0093998740000 0.0094742740000
685 0.0416850470000 0.0071851440000 0.0069978070000
690 0.0281235630000 0.0053516530000 0.0051829910000
695 0.0220396100000 0.0044734240000 0.0041689450000
700 0.0174821650000 0.0037642790000 0.0033875940000
705 0.0123574130000 0.0028655980000 0.0025077490000
710 0.0087219690000 0.0019994410000 0.0017147270000
715 0.0064629050000 0.0014381070000 0.0012333060000
720 0.0045470500000 0.0010494240000 0.0009185750000
725 0.0029335790000 0.0006955830000 0.0005876960000
730 0.0021189200000 0.0005334030000 0.0004364940000
735 0.0014990020000 0.0003942150000 0.0003150970000
740 0.0010226870000 0.0002930590000 0.0002384670000
745 0.0006818530000 0.0002119260000 0.0001682690000
750 0.0005616130000 0.0002025390000 0.0001706320000
755 0.0003848390000 0.0001256870000 0.0000894000000
760 0.0002865970000 0.0001047740000 0.0000692000000
765 0.0002691690000 0.0001388870000 0.0001260570000
770 0.0001630580000 0.0000647000000 0.0000457000000
775 0.0001490650000 0.0000726000000 0.0000584000000
780 0.0000371000000 0.0000000000000 0.0000027000000
