380 0.0354000000000 0.0359000000000 0.0334000000000 
385 0.0325000000000 0.0329000000000 0.0327000000000 
390 0.0295000000000 0.0300000000000 0.0320000000000 
395 0.0234000000000 0.0248000000000 0.0299000000000 
400 0.0173000000000 0.0197000000000 0.0279000000000 
405 0.0167000000000 0.0218000000000 0.0870000000000 
410 0.0162000000000 0.0240000000000 0.1461000000000 
415 0.0171000000000 0.0368000000000 0.3299000000000 
420 0.0181000000000 0.0495000000000 0.5138000000000 
425 0.0160000000000 0.0519000000000 0.5756000000000 
430 0.0139000000000 0.0542000000000 0.6375000000000 
435 0.0132000000000 0.0676000000000 0.6833000000000 
440 0.0125000000000 0.0809000000000 0.7291000000000 
445 0.0116000000000 0.0856000000000 0.7736000000000 
450 0.0107000000000 0.0902000000000 0.8180000000000 
455 0.0108000000000 0.1084000000000 0.8347000000000 
460 0.0109000000000 0.1267000000000 0.8515000000000 
465 0.0107000000000 0.2031000000000 0.8425000000000 
470 0.0105000000000 0.2794000000000 0.8336000000000 
475 0.0116000000000 0.4046000000000 0.7770000000000 
480 0.0126000000000 0.5298000000000 0.7204000000000 
485 0.0122000000000 0.5757000000000 0.6666000000000 
490 0.0118000000000 0.6216000000000 0.6129000000000 
495 0.0156000000000 0.7252000000000 0.5315000000000 
500 0.0195000000000 0.8288000000000 0.4501000000000 
505 0.0296000000000 0.8789000000000 0.3852000000000 
510 0.0397000000000 0.9289000000000 0.3204000000000 
515 0.0655000000000 0.9532000000000 0.2443000000000 
520 0.0912000000000 0.9776000000000 0.1682000000000 
525 0.1290000000000 0.9888000000000 0.1296000000000 
530 0.1667000000000 1.0000000000000 0.0910000000000 
535 0.1660000000000 0.9462000000000 0.0717000000000 
540 0.1654000000000 0.8925000000000 0.0524000000000 
545 0.1570000000000 0.8774000000000 0.0438000000000 
550 0.1487000000000 0.8624000000000 0.0351000000000 
555 0.1652000000000 0.8028000000000 0.0283000000000 
560 0.1817000000000 0.7431000000000 0.0216000000000 
565 0.2369000000000 0.6965000000000 0.0189000000000 
570 0.2920000000000 0.6499000000000 0.0163000000000 
575 0.3631000000000 0.5731000000000 0.0147000000000 
580 0.4343000000000 0.4963000000000 0.0131000000000 
585 0.4628000000000 0.4256000000000 0.0119000000000 
590 0.4914000000000 0.3550000000000 0.0107000000000 
595 0.5025000000000 0.2939000000000 0.0102000000000 
600 0.5136000000000 0.2328000000000 0.0098000000000 
605 0.4774000000000 0.1707000000000 0.0088000000000 
610 0.4413000000000 0.1087000000000 0.0079000000000 
615 0.4119000000000 0.0843000000000 0.0074000000000 
620 0.3824000000000 0.0599000000000 0.0068000000000 
625 0.3479000000000 0.0471000000000 0.0069000000000 
630 0.3134000000000 0.0344000000000 0.0069000000000 
635 0.2808000000000 0.0289000000000 0.0072000000000 
640 0.2482000000000 0.0235000000000 0.0075000000000 
645 0.2119000000000 0.0190000000000 0.0077000000000 
650 0.1757000000000 0.0146000000000 0.0078000000000 
655 0.1561000000000 0.0137000000000 0.0080000000000 
660 0.1366000000000 0.0128000000000 0.0082000000000 
665 0.1093000000000 0.0120000000000 0.0076000000000 
670 0.0820000000000 0.0111000000000 0.0070000000000 
675 0.0592000000000 0.0093000000000 0.0062000000000 
680 0.0365000000000 0.0075000000000 0.0054000000000 
685 0.0230000000000 0.0071000000000 0.0056000000000 
690 0.0095000000000 0.0066000000000 0.0059000000000 
695 0.0086000000000 0.0069000000000 0.0063000000000 
700 0.0076000000000 0.0072000000000 0.0067000000000 
705 0.0073000000000 0.0068000000000 0.0065000000000 
710 0.0070000000000 0.0064000000000 0.0064000000000 
715 0.0070000000000 0.0069000000000 0.0068000000000 
720 0.0070000000000 0.0073000000000 0.0073000000000 
725 0.0061000000000 0.0063000000000 0.0063000000000 
730 0.0052000000000 0.0053000000000 0.0053000000000 
735 0.0042000000000 0.0044000000000 0.0044000000000 
740 0.0033000000000 0.0034000000000 0.0034000000000 
745 0.0024000000000 0.0024000000000 0.0024000000000 
750 0.0015000000000 0.0014000000000 0.0014000000000 
755 0.0017000000000 0.0017000000000 0.0016000000000 
760 0.0019000000000 0.0019000000000 0.0018000000000 
765 0.0021000000000 0.0021000000000 0.0021000000000 
770 0.0023000000000 0.0023000000000 0.0023000000000 
775 0.0025000000000 0.0025000000000 0.0025000000000 
780 0.0027000000000 0.0027000000000 0.0027000000000
