380 0.0245000000000 0.0251000000000 0.0266000000000
385 0.0219000000000 0.0235000000000 0.0257000000000
390 0.0193000000000 0.0218000000000 0.0248000000000
395 0.0155000000000 0.0176000000000 0.0216000000000
400 0.0117000000000 0.0134000000000 0.0184000000000
405 0.0111000000000 0.0138000000000 0.0340000000000
410 0.0105000000000 0.0143000000000 0.0495000000000
415 0.0116000000000 0.0334000000000 0.2286000000000
420 0.0127000000000 0.0526000000000 0.4077000000000
425 0.0124000000000 0.0661000000000 0.5070000000000
430 0.0121000000000 0.0795000000000 0.6063000000000
435 0.0133000000000 0.1013000000000 0.7028000000000
440 0.0146000000000 0.1230000000000 0.7992000000000
445 0.0138000000000 0.1347000000000 0.8179000000000
450 0.0130000000000 0.1463000000000 0.8366000000000
455 0.0144000000000 0.1956000000000 0.9075000000000
460 0.0158000000000 0.2450000000000 0.9783000000000
465 0.0163000000000 0.3061000000000 0.9023000000000
470 0.0167000000000 0.3673000000000 0.8263000000000
475 0.0157000000000 0.4201000000000 0.7798000000000
480 0.0147000000000 0.4729000000000 0.7333000000000
485 0.0125000000000 0.4607000000000 0.6448000000000
490 0.0104000000000 0.4485000000000 0.5563000000000
495 0.0104000000000 0.5595000000000 0.4881000000000
500 0.0105000000000 0.6705000000000 0.4199000000000
505 0.0119000000000 0.7231000000000 0.3468000000000
510 0.0133000000000 0.7757000000000 0.2738000000000
515 0.0155000000000 0.8200000000000 0.2086000000000
520 0.0177000000000 0.8642000000000 0.1434000000000
525 0.0180000000000 0.9321000000000 0.1141000000000
530 0.0184000000000 1.0000000000000 0.0847000000000
535 0.0156000000000 0.9074000000000 0.0651000000000
540 0.0128000000000 0.8148000000000 0.0455000000000
545 0.0145000000000 0.7843000000000 0.0375000000000
550 0.0161000000000 0.7539000000000 0.0294000000000
555 0.0424000000000 0.6881000000000 0.0221000000000
560 0.0687000000000 0.6223000000000 0.0148000000000
565 0.1677000000000 0.5731000000000 0.0124000000000
570 0.2666000000000 0.5239000000000 0.0100000000000
575 0.3923000000000 0.4559000000000 0.0090000000000
580 0.5179000000000 0.3880000000000 0.0080000000000
585 0.5290000000000 0.3115000000000 0.0071000000000
590 0.5401000000000 0.2351000000000 0.0061000000000
595 0.5234000000000 0.1821000000000 0.0058000000000
600 0.5067000000000 0.1290000000000 0.0055000000000
605 0.4833000000000 0.0994000000000 0.0052000000000
610 0.4600000000000 0.0697000000000 0.0049000000000
615 0.4308000000000 0.0586000000000 0.0047000000000
620 0.4016000000000 0.0475000000000 0.0045000000000
625 0.3578000000000 0.0400000000000 0.0047000000000
630 0.3139000000000 0.0326000000000 0.0048000000000
635 0.2897000000000 0.0298000000000 0.0051000000000
640 0.2655000000000 0.0270000000000 0.0053000000000
645 0.2251000000000 0.0236000000000 0.0054000000000
650 0.1848000000000 0.0201000000000 0.0056000000000
655 0.1599000000000 0.0187000000000 0.0056000000000
660 0.1351000000000 0.0174000000000 0.0057000000000
665 0.1101000000000 0.0158000000000 0.0055000000000
670 0.0852000000000 0.0141000000000 0.0053000000000
675 0.0623000000000 0.0115000000000 0.0049000000000
680 0.0395000000000 0.0088000000000 0.0044000000000
685 0.0253000000000 0.0073000000000 0.0047000000000
690 0.0111000000000 0.0058000000000 0.0051000000000
695 0.0091000000000 0.0056000000000 0.0050000000000
700 0.0071000000000 0.0053000000000 0.0049000000000
705 0.0062000000000 0.0050000000000 0.0050000000000
710 0.0052000000000 0.0047000000000 0.0051000000000
715 0.0052000000000 0.0049000000000 0.0052000000000
720 0.0051000000000 0.0050000000000 0.0052000000000
725 0.0044000000000 0.0044000000000 0.0045000000000
730 0.0038000000000 0.0037000000000 0.0038000000000
735 0.0031000000000 0.0030000000000 0.0031000000000
740 0.0024000000000 0.0023000000000 0.0024000000000
745 0.0017000000000 0.0017000000000 0.0017000000000
750 0.0010000000000 0.0010000000000 0.0010000000000
755 0.0011000000000 0.0011000000000 0.0011000000000
760 0.0013000000000 0.0013000000000 0.0013000000000
765 0.0014000000000 0.0014000000000 0.0014000000000
770 0.0016000000000 0.0016000000000 0.0016000000000
775 0.0017000000000 0.0017000000000 0.0018000000000
780 0.0019000000000 0.0019000000000 0.0019000000000
