380 0.0126000000000 0.0237000000000 0.0165000000000 
385 0.0117000000000 0.0199000000000 0.0164000000000 
390 0.0107000000000 0.0161000000000 0.0163000000000 
395 0.0089000000000 0.0156000000000 0.0152000000000 
400 0.0070000000000 0.0152000000000 0.0141000000000 
405 0.0119000000000 0.0249000000000 0.0749000000000 
410 0.0168000000000 0.0347000000000 0.1357000000000 
415 0.0282000000000 0.0661000000000 0.2702000000000 
420 0.0397000000000 0.0975000000000 0.4047000000000 
425 0.0364000000000 0.1055000000000 0.4320000000000 
430 0.0331000000000 0.1135000000000 0.4592000000000 
435 0.0323000000000 0.1327000000000 0.5040000000000 
440 0.0316000000000 0.1520000000000 0.5488000000000 
445 0.0300000000000 0.1784000000000 0.5990000000000 
450 0.0284000000000 0.2048000000000 0.6492000000000 
455 0.0277000000000 0.2441000000000 0.6750000000000 
460 0.0270000000000 0.2834000000000 0.7007000000000 
465 0.0306000000000 0.3405000000000 0.7068000000000 
470 0.0342000000000 0.3976000000000 0.7128000000000 
475 0.0363000000000 0.4353000000000 0.6715000000000 
480 0.0383000000000 0.4730000000000 0.6301000000000 
485 0.0368000000000 0.4849000000000 0.5886000000000 
490 0.0353000000000 0.4968000000000 0.5471000000000 
495 0.0377000000000 0.5697000000000 0.4714000000000 
500 0.0401000000000 0.6426000000000 0.3957000000000 
505 0.0462000000000 0.7061000000000 0.3426000000000 
510 0.0523000000000 0.7697000000000 0.2894000000000 
515 0.0682000000000 0.8313000000000 0.2343000000000 
520 0.0841000000000 0.8929000000000 0.1792000000000 
525 0.0888000000000 0.9464000000000 0.1544000000000 
530 0.0935000000000 1.0000000000000 0.1296000000000 
535 0.0748000000000 0.9597000000000 0.1084000000000 
540 0.0562000000000 0.9194000000000 0.0873000000000 
545 0.0480000000000 0.9147000000000 0.0732000000000 
550 0.0398000000000 0.9099000000000 0.0591000000000 
555 0.0388000000000 0.8743000000000 0.0462000000000 
560 0.0377000000000 0.8388000000000 0.0333000000000 
565 0.0577000000000 0.8146000000000 0.0279000000000 
570 0.0778000000000 0.7904000000000 0.0225000000000 
575 0.3061000000000 0.7439000000000 0.0195000000000 
580 0.5344000000000 0.6975000000000 0.0166000000000 
585 0.6576000000000 0.6265000000000 0.0147000000000 
590 0.7808000000000 0.5555000000000 0.0129000000000 
595 0.7927000000000 0.5005000000000 0.0121000000000 
600 0.8046000000000 0.4454000000000 0.0113000000000 
605 0.7924000000000 0.3736000000000 0.0108000000000 
610 0.7802000000000 0.3019000000000 0.0103000000000 
615 0.7689000000000 0.2598000000000 0.0104000000000 
620 0.7575000000000 0.2178000000000 0.0105000000000 
625 0.7442000000000 0.1934000000000 0.0119000000000 
630 0.7308000000000 0.1691000000000 0.0132000000000 
635 0.7092000000000 0.1543000000000 0.0154000000000 
640 0.6875000000000 0.1394000000000 0.0176000000000 
645 0.6593000000000 0.1243000000000 0.0231000000000 
650 0.6310000000000 0.1091000000000 0.0286000000000 
655 0.5509000000000 0.0965000000000 0.0281000000000 
660 0.4709000000000 0.0839000000000 0.0276000000000 
665 0.2849000000000 0.0527000000000 0.0175000000000 
670 0.0988000000000 0.0215000000000 0.0075000000000 
675 0.0602000000000 0.0144000000000 0.0058000000000 
680 0.0217000000000 0.0073000000000 0.0040000000000 
685 0.0172000000000 0.0063000000000 0.0035000000000 
690 0.0127000000000 0.0052000000000 0.0029000000000 
695 0.0090000000000 0.0049000000000 0.0030000000000 
700 0.0053000000000 0.0045000000000 0.0031000000000 
705 0.0044000000000 0.0045000000000 0.0030000000000 
710 0.0036000000000 0.0046000000000 0.0030000000000 
715 0.0042000000000 0.0044000000000 0.0037000000000 
720 0.0048000000000 0.0043000000000 0.0043000000000 
725 0.0042000000000 0.0038000000000 0.0037000000000 
730 0.0036000000000 0.0032000000000 0.0031000000000 
735 0.0030000000000 0.0027000000000 0.0025000000000 
740 0.0024000000000 0.0022000000000 0.0019000000000 
745 0.0018000000000 0.0017000000000 0.0013000000000 
750 0.0012000000000 0.0012000000000 0.0006000000000 
755 0.0013000000000 0.0013000000000 0.0008000000000 
760 0.0013000000000 0.0014000000000 0.0009000000000 
765 0.0014000000000 0.0015000000000 0.0010000000000 
770 0.0015000000000 0.0017000000000 0.0011000000000 
775 0.0016000000000 0.0018000000000 0.0012000000000 
780 0.0017000000000 0.0019000000000 0.0013000000000
