380.000000 0.003384 0.012180 0.011062
382.000000 0.003543 0.012072 0.010745
384.000000 0.003354 0.011944 0.010702
386.000000 0.003258 0.011910 0.010642
388.000000 0.003354 0.011781 0.010522
390.000000 0.003843 0.012005 0.011053
392.000000 0.003450 0.011839 0.011639
394.000000 0.003966 0.012104 0.012409
396.000000 0.003669 0.012120 0.015270
398.000000 0.007083 0.014312 0.026977
400.000000 0.010409 0.016994 0.045741
402.000000 0.010087 0.017259 0.050624
404.000000 0.009868 0.017698 0.056894
406.000000 0.009759 0.018216 0.065547
408.000000 0.010179 0.019850 0.081494
410.000000 0.011938 0.023541 0.116487
412.000000 0.014561 0.029668 0.174373
414.000000 0.017244 0.038059 0.254663
416.000000 0.021688 0.053526 0.403410
418.000000 0.029611 0.082603 0.692299
420.000000 0.037849 0.121769 1.058342
422.000000 0.036470 0.133047 1.230972
424.000000 0.031689 0.131254 1.278747
426.000000 0.027759 0.130342 1.328254
428.000000 0.024764 0.132470 1.381071
430.000000 0.022117 0.136499 1.417120
432.000000 0.020108 0.144589 1.457533
434.000000 0.018171 0.155555 1.500211
436.000000 0.017086 0.169595 1.551351
438.000000 0.016062 0.183889 1.597944
440.000000 0.015608 0.198822 1.643374
442.000000 0.015045 0.212766 1.687794
444.000000 0.014834 0.225912 1.737689
446.000000 0.014825 0.235048 1.774823
448.000000 0.014955 0.239490 1.803294
450.000000 0.014968 0.240108 1.833541
452.000000 0.015380 0.241274 1.864478
454.000000 0.016061 0.245844 1.898818
456.000000 0.016739 0.256018 1.920499
458.000000 0.017768 0.275435 1.938015
460.000000 0.019259 0.307546 1.951169
462.000000 0.021016 0.353704 1.958245
464.000000 0.023166 0.412157 1.962732
466.000000 0.026009 0.484688 1.964702
468.000000 0.029270 0.570304 1.967387
470.000000 0.033303 0.672932 1.968948
472.000000 0.037869 0.794518 1.972446
474.000000 0.043454 0.930024 1.975326
476.000000 0.049086 1.060784 1.960888
478.000000 0.055077 1.187821 1.939973
480.000000 0.060664 1.299729 1.915411
482.000000 0.066060 1.396521 1.885831
484.000000 0.070488 1.471301 1.843863
486.000000 0.074557 1.535951 1.791550
488.000000 0.078746 1.597901 1.735334
490.000000 0.083596 1.660573 1.682485
492.000000 0.089437 1.731826 1.635999
494.000000 0.096017 1.806156 1.586008
496.000000 0.103308 1.879180 1.526268
498.000000 0.111565 1.949391 1.464413
500.000000 0.120756 2.014943 1.398527
502.000000 0.130812 2.084911 1.335253
504.000000 0.143044 2.158577 1.267960
506.000000 0.156034 2.225512 1.199374
508.000000 0.168703 2.277898 1.131690
510.000000 0.183001 2.331217 1.060181
512.000000 0.197710 2.379045 0.987274
514.000000 0.212629 2.423443 0.912212
516.000000 0.226189 2.463865 0.839066
518.000000 0.238015 2.498094 0.768616
520.000000 0.248239 2.525073 0.697852
522.000000 0.256369 2.549917 0.634907
524.000000 0.262904 2.572806 0.579035
526.000000 0.268908 2.590096 0.533209
528.000000 0.276013 2.598465 0.494419
530.000000 0.284996 2.603584 0.463173
532.000000 0.296896 2.608641 0.436155
534.000000 0.311726 2.605118 0.411636
536.000000 0.331448 2.595244 0.389450
538.000000 0.354806 2.578101 0.369446
540.000000 0.380975 2.557094 0.350073
542.000000 0.408123 2.539179 0.332244
544.000000 0.437800 2.518873 0.313573
546.000000 0.467580 2.486667 0.293955
548.000000 0.498493 2.453078 0.274994
550.000000 0.528950 2.417502 0.255932
552.000000 0.559446 2.383113 0.237768
554.000000 0.590248 2.345271 0.219941
556.000000 0.620352 2.302020 0.202902
558.000000 0.648799 2.254641 0.187931
560.000000 0.679465 2.201584 0.174152
562.000000 0.710834 2.143206 0.162106
564.000000 0.746188 2.087881 0.152620
566.000000 0.787547 2.035922 0.145051
568.000000 0.835823 1.986866 0.139388
570.000000 0.897338 1.933984 0.134677
572.000000 0.971784 1.877896 0.130506
574.000000 1.062771 1.815629 0.126772
576.000000 1.168359 1.753220 0.123362
578.000000 1.283342 1.687525 0.120219
580.000000 1.388448 1.620985 0.117116
582.000000 1.477066 1.545722 0.113226
584.000000 1.542111 1.468760 0.109238
586.000000 1.589911 1.390168 0.104812
588.000000 1.623605 1.310708 0.100184
590.000000 1.640998 1.228225 0.096049
592.000000 1.648269 1.142187 0.090611
594.000000 1.647594 1.055352 0.085529
596.000000 1.644262 0.969112 0.080476
598.000000 1.633446 0.882497 0.075349
600.000000 1.612237 0.795587 0.070130
602.000000 1.585207 0.712541 0.065101
604.000000 1.551091 0.629541 0.059985
606.000000 1.511689 0.552984 0.055148
608.000000 1.472630 0.489741 0.051316
610.000000 1.430952 0.431629 0.047695
612.000000 1.389743 0.380049 0.044371
614.000000 1.352628 0.335665 0.041681
616.000000 1.313020 0.296580 0.039227
618.000000 1.273129 0.264722 0.037232
620.000000 1.228333 0.237379 0.035583
622.000000 1.183086 0.214428 0.034110
624.000000 1.137336 0.194875 0.033018
626.000000 1.095863 0.178669 0.031946
628.000000 1.055955 0.164551 0.031079
630.000000 1.015315 0.152340 0.030557
632.000000 0.974367 0.141860 0.030199
634.000000 0.930709 0.132190 0.029700
636.000000 0.886057 0.122981 0.029430
638.000000 0.843002 0.114397 0.029274
640.000000 0.801050 0.105999 0.029136
642.000000 0.763475 0.098500 0.029021
644.000000 0.727595 0.091568 0.029090
646.000000 0.692947 0.084948 0.029158
648.000000 0.648009 0.076201 0.028313
650.000000 0.617961 0.071144 0.028466
652.000000 0.589425 0.066888 0.028525
654.000000 0.558962 0.062870 0.028392
656.000000 0.527718 0.059521 0.028906
658.000000 0.499613 0.056994 0.028701
660.000000 0.472636 0.054923 0.028601
662.000000 0.447294 0.053372 0.027990
664.000000 0.421781 0.052165 0.027481
666.000000 0.395411 0.051282 0.027092
668.000000 0.369314 0.050437 0.026187
670.000000 0.340753 0.049430 0.024951
672.000000 0.311445 0.048109 0.023622
674.000000 0.280983 0.046274 0.021760
676.000000 0.248746 0.043728 0.019925
678.000000 0.213548 0.039950 0.017426
680.000000 0.176455 0.035027 0.014674
682.000000 0.138484 0.029151 0.011659
684.000000 0.104711 0.023332 0.008946
686.000000 0.075766 0.017883 0.006619
688.000000 0.052946 0.013242 0.004797
690.000000 0.036859 0.009769 0.003368
692.000000 0.025606 0.007000 0.002251
694.000000 0.018096 0.005266 0.001783
696.000000 0.013023 0.003923 0.001335
698.000000 0.009648 0.002934 0.000745
700.000000 0.006978 0.002197 0.000562
702.000000 0.005128 0.001614 0.000485
704.000000 0.004042 0.001411 0.000415
706.000000 0.002806 0.000890 0.000172
708.000000 0.002149 0.000703 0.000146
710.000000 0.001662 0.000571 0.000154
712.000000 0.001312 0.000449 0.000156
714.000000 0.001039 0.000339 0.000000
716.000000 0.000737 0.000273 0.000113
718.000000 0.000504 0.000169 0.000083
720.000000 0.000453 0.000233 0.000208
722.000000 0.000404 0.000178 0.000186
724.000000 0.000415 0.000085 0.000000
726.000000 0.000217 0.000048 0.000028
728.000000 0.000203 0.000206 0.000312
730.000000 0.000172 0.000056 0.000017
