380 0.0295000000000 0.0348000000000 0.0320000000000 
385 0.0262000000000 0.0288000000000 0.0399000000000 
390 0.0228000000000 0.0228000000000 0.0479000000000 
395 0.0192000000000 0.0221000000000 0.0934000000000 
400 0.0156000000000 0.0214000000000 0.1389000000000 
405 0.0132000000000 0.0232000000000 0.1966000000000 
410 0.0108000000000 0.0249000000000 0.2544000000000 
415 0.0101000000000 0.0308000000000 0.3124000000000 
420 0.0095000000000 0.0367000000000 0.3704000000000 
425 0.0093000000000 0.0458000000000 0.4286000000000 
430 0.0091000000000 0.0549000000000 0.4868000000000 
435 0.0099000000000 0.0706000000000 0.5615000000000 
440 0.0108000000000 0.0864000000000 0.6361000000000 
445 0.0105000000000 0.1063000000000 0.6993000000000 
450 0.0102000000000 0.1263000000000 0.7625000000000 
455 0.0093000000000 0.1541000000000 0.7922000000000 
460 0.0084000000000 0.1819000000000 0.8218000000000 
465 0.0093000000000 0.2327000000000 0.7868000000000 
470 0.0103000000000 0.2835000000000 0.7517000000000 
475 0.0119000000000 0.3337000000000 0.7141000000000 
480 0.0134000000000 0.3838000000000 0.6765000000000 
485 0.0136000000000 0.3938000000000 0.6128000000000 
490 0.0138000000000 0.4037000000000 0.5492000000000 
495 0.0174000000000 0.4953000000000 0.4580000000000 
500 0.0210000000000 0.5869000000000 0.3667000000000 
505 0.0257000000000 0.6627000000000 0.2945000000000 
510 0.0304000000000 0.7386000000000 0.2224000000000 
515 0.0463000000000 0.8295000000000 0.1597000000000 
520 0.0621000000000 0.9203000000000 0.0970000000000 
525 0.0717000000000 0.9602000000000 0.0673000000000 
530 0.0813000000000 1.0000000000000 0.0375000000000 
535 0.0633000000000 0.9707000000000 0.0273000000000 
540 0.0453000000000 0.9414000000000 0.0171000000000 
545 0.0363000000000 0.9005000000000 0.0141000000000 
550 0.0274000000000 0.8596000000000 0.0110000000000 
555 0.0276000000000 0.8073000000000 0.0082000000000 
560 0.0277000000000 0.7551000000000 0.0053000000000 
565 0.0532000000000 0.6705000000000 0.0043000000000 
570 0.0787000000000 0.5858000000000 0.0034000000000 
575 0.2393000000000 0.4998000000000 0.0036000000000 
580 0.3999000000000 0.4139000000000 0.0037000000000 
585 0.5019000000000 0.3425000000000 0.0031000000000 
590 0.6040000000000 0.2711000000000 0.0024000000000 
595 0.5805000000000 0.2028000000000 0.0024000000000 
600 0.5571000000000 0.1346000000000 0.0024000000000 
605 0.5098000000000 0.0909000000000 0.0026000000000 
610 0.4625000000000 0.0471000000000 0.0027000000000 
615 0.4267000000000 0.0337000000000 0.0024000000000 
620 0.3909000000000 0.0202000000000 0.0021000000000 
625 0.3517000000000 0.0148000000000 0.0020000000000 
630 0.3124000000000 0.0094000000000 0.0019000000000 
635 0.2716000000000 0.0081000000000 0.0021000000000 
640 0.2308000000000 0.0068000000000 0.0023000000000 
645 0.1931000000000 0.0064000000000 0.0028000000000 
650 0.1555000000000 0.0059000000000 0.0033000000000 
655 0.1383000000000 0.0050000000000 0.0029000000000 
660 0.1211000000000 0.0041000000000 0.0024000000000 
665 0.1002000000000 0.0041000000000 0.0022000000000 
670 0.0793000000000 0.0040000000000 0.0021000000000 
675 0.0675000000000 0.0045000000000 0.0024000000000 
680 0.0558000000000 0.0050000000000 0.0026000000000 
685 0.0449000000000 0.0053000000000 0.0028000000000 
690 0.0340000000000 0.0055000000000 0.0030000000000 
695 0.0277000000000 0.0048000000000 0.0024000000000 
700 0.0214000000000 0.0042000000000 0.0018000000000 
705 0.0183000000000 0.0042000000000 0.0021000000000 
710 0.0153000000000 0.0043000000000 0.0023000000000 
715 0.0114000000000 0.0039000000000 0.0026000000000 
720 0.0075000000000 0.0036000000000 0.0029000000000 
725 0.0064000000000 0.0031000000000 0.0025000000000 
730 0.0054000000000 0.0026000000000 0.0021000000000 
735 0.0043000000000 0.0021000000000 0.0017000000000 
740 0.0033000000000 0.0016000000000 0.0013000000000 
745 0.0022000000000 0.0011000000000 0.0009000000000 
750 0.0012000000000 0.0007000000000 0.0006000000000 
755 0.0012000000000 0.0007000000000 0.0006000000000 
760 0.0012000000000 0.0008000000000 0.0007000000000 
765 0.0012000000000 0.0009000000000 0.0008000000000 
770 0.0013000000000 0.0009000000000 0.0009000000000 
775 0.0013000000000 0.0010000000000 0.0009000000000 
780 0.0013000000000 0.0011000000000 0.0010000000000
