380 0.0243000000000 0.0296000000000 0.0477000000000 
385 0.0160000000000 0.0201000000000 0.0336000000000 
390 0.0078000000000 0.0106000000000 0.0195000000000 
395 0.0062000000000 0.0086000000000 0.0152000000000 
400 0.0045000000000 0.0065000000000 0.0108000000000 
405 0.0043000000000 0.0059000000000 0.0086000000000 
410 0.0040000000000 0.0052000000000 0.0064000000000 
415 0.0056000000000 0.0073000000000 0.0536000000000 
420 0.0073000000000 0.0095000000000 0.1008000000000 
425 0.0175000000000 0.0234000000000 0.2714000000000 
430 0.0277000000000 0.0373000000000 0.4419000000000 
435 0.0304000000000 0.0572000000000 0.6097000000000 
440 0.0332000000000 0.0771000000000 0.7776000000000 
445 0.0300000000000 0.0906000000000 0.8411000000000 
450 0.0268000000000 0.1040000000000 0.9046000000000 
455 0.0255000000000 0.1311000000000 0.9340000000000 
460 0.0243000000000 0.1583000000000 0.9634000000000 
465 0.0257000000000 0.2160000000000 0.9511000000000 
470 0.0270000000000 0.2737000000000 0.9389000000000 
475 0.0277000000000 0.3003000000000 0.8601000000000 
480 0.0285000000000 0.3269000000000 0.7812000000000 
485 0.0280000000000 0.3384000000000 0.7242000000000 
490 0.0275000000000 0.3498000000000 0.6672000000000 
495 0.0287000000000 0.4458000000000 0.5531000000000 
500 0.0298000000000 0.5417000000000 0.4391000000000 
505 0.0343000000000 0.6403000000000 0.3571000000000 
510 0.0388000000000 0.7388000000000 0.2751000000000 
515 0.0523000000000 0.8374000000000 0.1973000000000 
520 0.0659000000000 0.9359000000000 0.1195000000000 
525 0.0715000000000 0.9680000000000 0.0807000000000 
530 0.0771000000000 1.0000000000000 0.0419000000000 
535 0.0589000000000 0.9779000000000 0.0306000000000 
540 0.0406000000000 0.9559000000000 0.0194000000000 
545 0.0301000000000 0.9072000000000 0.0137000000000 
550 0.0196000000000 0.8584000000000 0.0081000000000 
555 0.0196000000000 0.7891000000000 0.0058000000000 
560 0.0197000000000 0.7198000000000 0.0035000000000 
565 0.0427000000000 0.6480000000000 0.0027000000000 
570 0.0658000000000 0.5762000000000 0.0020000000000 
575 0.2576000000000 0.5059000000000 0.0021000000000 
580 0.4494000000000 0.4355000000000 0.0022000000000 
585 0.5820000000000 0.3596000000000 0.0026000000000 
590 0.7146000000000 0.2836000000000 0.0030000000000 
595 0.7150000000000 0.2226000000000 0.0028000000000 
600 0.7155000000000 0.1617000000000 0.0026000000000 
605 0.6795000000000 0.1179000000000 0.0025000000000 
610 0.6436000000000 0.0741000000000 0.0023000000000 
615 0.6070000000000 0.0583000000000 0.0021000000000 
620 0.5703000000000 0.0426000000000 0.0019000000000 
625 0.5215000000000 0.0340000000000 0.0027000000000 
630 0.4727000000000 0.0254000000000 0.0036000000000 
635 0.4253000000000 0.0218000000000 0.0033000000000 
640 0.3779000000000 0.0182000000000 0.0031000000000 
645 0.3227000000000 0.0148000000000 0.0034000000000 
650 0.2674000000000 0.0113000000000 0.0037000000000 
655 0.2406000000000 0.0105000000000 0.0033000000000 
660 0.2137000000000 0.0097000000000 0.0029000000000 
665 0.1695000000000 0.0087000000000 0.0029000000000 
670 0.1253000000000 0.0078000000000 0.0028000000000 
675 0.0929000000000 0.0065000000000 0.0023000000000 
680 0.0604000000000 0.0053000000000 0.0019000000000 
685 0.0368000000000 0.0042000000000 0.0022000000000 
690 0.0131000000000 0.0032000000000 0.0024000000000 
695 0.0088000000000 0.0029000000000 0.0031000000000 
700 0.0044000000000 0.0026000000000 0.0038000000000 
705 0.0040000000000 0.0024000000000 0.0033000000000 
710 0.0037000000000 0.0022000000000 0.0027000000000 
715 0.0035000000000 0.0023000000000 0.0033000000000 
720 0.0033000000000 0.0023000000000 0.0039000000000 
725 0.0028000000000 0.0020000000000 0.0034000000000 
730 0.0023000000000 0.0017000000000 0.0029000000000 
735 0.0018000000000 0.0014000000000 0.0024000000000 
740 0.0014000000000 0.0011000000000 0.0019000000000 
745 0.0009000000000 0.0008000000000 0.0014000000000 
750 0.0004000000000 0.0005000000000 0.0009000000000 
755 0.0005000000000 0.0006000000000 0.0009000000000 
760 0.0005000000000 0.0006000000000 0.0010000000000 
765 0.0006000000000 0.0007000000000 0.0010000000000 
770 0.0007000000000 0.0008000000000 0.0011000000000 
775 0.0007000000000 0.0008000000000 0.0011000000000 
780 0.0008000000000 0.0009000000000 0.0012000000000
