380 0.0087000000000 0.0123000000000 0.0156000000000 
385 0.0066000000000 0.0089000000000 0.0112000000000 
390 0.0045000000000 0.0054000000000 0.0068000000000 
395 0.0036000000000 0.0044000000000 0.0060000000000 
400 0.0027000000000 0.0035000000000 0.0052000000000 
405 0.0029000000000 0.0031000000000 0.0103000000000 
410 0.0031000000000 0.0028000000000 0.0154000000000 
415 0.0213000000000 0.0106000000000 0.1744000000000 
420 0.0395000000000 0.0184000000000 0.3335000000000 
425 0.0470000000000 0.0277000000000 0.4716000000000 
430 0.0546000000000 0.0369000000000 0.6098000000000 
435 0.0498000000000 0.0479000000000 0.7056000000000 
440 0.0450000000000 0.0590000000000 0.8015000000000 
445 0.0389000000000 0.0712000000000 0.8505000000000 
450 0.0328000000000 0.0834000000000 0.8995000000000 
455 0.0311000000000 0.1096000000000 0.9280000000000 
460 0.0295000000000 0.1358000000000 0.9565000000000 
465 0.0293000000000 0.1928000000000 0.9292000000000 
470 0.0291000000000 0.2497000000000 0.9019000000000 
475 0.0309000000000 0.3027000000000 0.8655000000000 
480 0.0327000000000 0.3558000000000 0.8290000000000 
485 0.0314000000000 0.3707000000000 0.7605000000000 
490 0.0302000000000 0.3856000000000 0.6920000000000 
495 0.0315000000000 0.4934000000000 0.5908000000000 
500 0.0328000000000 0.6012000000000 0.4895000000000 
505 0.0355000000000 0.6818000000000 0.4017000000000 
510 0.0382000000000 0.7623000000000 0.3139000000000 
515 0.0500000000000 0.8508000000000 0.2347000000000 
520 0.0619000000000 0.9394000000000 0.1555000000000 
525 0.0666000000000 0.9697000000000 0.1104000000000 
530 0.0713000000000 1.0000000000000 0.0653000000000 
535 0.0556000000000 0.9916000000000 0.0487000000000 
540 0.0400000000000 0.9832000000000 0.0322000000000 
545 0.0315000000000 0.9396000000000 0.0244000000000 
550 0.0231000000000 0.8960000000000 0.0167000000000 
555 0.0239000000000 0.8451000000000 0.0120000000000 
560 0.0248000000000 0.7942000000000 0.0073000000000 
565 0.0522000000000 0.7238000000000 0.0060000000000 
570 0.0795000000000 0.6534000000000 0.0048000000000 
575 0.2724000000000 0.5628000000000 0.0039000000000 
580 0.4652000000000 0.4723000000000 0.0031000000000 
585 0.6021000000000 0.3987000000000 0.0029000000000 
590 0.7390000000000 0.3251000000000 0.0026000000000 
595 0.7339000000000 0.2516000000000 0.0021000000000 
600 0.7288000000000 0.1781000000000 0.0015000000000 
605 0.6804000000000 0.1268000000000 0.0013000000000 
610 0.6321000000000 0.0756000000000 0.0011000000000 
615 0.5919000000000 0.0575000000000 0.0010000000000 
620 0.5517000000000 0.0395000000000 0.0010000000000 
625 0.5017000000000 0.0309000000000 0.0010000000000 
630 0.4517000000000 0.0222000000000 0.0010000000000 
635 0.4076000000000 0.0185000000000 0.0010000000000 
640 0.3636000000000 0.0148000000000 0.0009000000000 
645 0.3105000000000 0.0111000000000 0.0009000000000 
650 0.2575000000000 0.0075000000000 0.0010000000000 
655 0.2271000000000 0.0066000000000 0.0010000000000 
660 0.1966000000000 0.0057000000000 0.0009000000000 
665 0.1505000000000 0.0049000000000 0.0010000000000 
670 0.1045000000000 0.0040000000000 0.0011000000000 
675 0.0740000000000 0.0033000000000 0.0010000000000 
680 0.0435000000000 0.0026000000000 0.0009000000000 
685 0.0268000000000 0.0019000000000 0.0008000000000 
690 0.0101000000000 0.0012000000000 0.0006000000000 
695 0.0065000000000 0.0011000000000 0.0007000000000 
700 0.0030000000000 0.0010000000000 0.0007000000000 
705 0.0022000000000 0.0010000000000 0.0009000000000 
710 0.0015000000000 0.0009000000000 0.0011000000000 
715 0.0014000000000 0.0009000000000 0.0010000000000 
720 0.0013000000000 0.0010000000000 0.0009000000000 
725 0.0011000000000 0.0008000000000 0.0008000000000 
730 0.0009000000000 0.0007000000000 0.0006000000000 
735 0.0008000000000 0.0006000000000 0.0005000000000 
740 0.0006000000000 0.0004000000000 0.0004000000000 
745 0.0004000000000 0.0003000000000 0.0003000000000 
750 0.0002000000000 0.0002000000000 0.0002000000000 
755 0.0003000000000 0.0002000000000 0.0002000000000 
760 0.0003000000000 0.0002000000000 0.0003000000000 
765 0.0003000000000 0.0003000000000 0.0003000000000 
770 0.0003000000000 0.0003000000000 0.0004000000000 
775 0.0003000000000 0.0003000000000 0.0004000000000 
780 0.0004000000000 0.0004000000000 0.0004000000000
