380 0.0161000000000 0.0324000000000 0.0322000000000 
385 0.0125000000000 0.0247000000000 0.0272000000000 
390 0.0090000000000 0.0171000000000 0.0221000000000 
395 0.0071000000000 0.0100000000000 0.0167000000000 
400 0.0052000000000 0.0029000000000 0.0112000000000 
405 0.0045000000000 0.0045000000000 0.0194000000000 
410 0.0038000000000 0.0061000000000 0.0276000000000 
415 0.0246000000000 0.0431000000000 0.2379000000000 
420 0.0454000000000 0.0801000000000 0.4483000000000 
425 0.0521000000000 0.1098000000000 0.5982000000000 
430 0.0587000000000 0.1396000000000 0.7480000000000 
435 0.0550000000000 0.1522000000000 0.7910000000000 
440 0.0512000000000 0.1648000000000 0.8340000000000 
445 0.0443000000000 0.1810000000000 0.8738000000000 
450 0.0374000000000 0.1972000000000 0.9136000000000 
455 0.0353000000000 0.2275000000000 0.9337000000000 
460 0.0333000000000 0.2578000000000 0.9537000000000 
465 0.0366000000000 0.3240000000000 0.9424000000000 
470 0.0399000000000 0.3902000000000 0.9310000000000 
475 0.0419000000000 0.4236000000000 0.8977000000000 
480 0.0439000000000 0.4570000000000 0.8644000000000 
485 0.0421000000000 0.4654000000000 0.8017000000000 
490 0.0403000000000 0.4738000000000 0.7389000000000 
495 0.0418000000000 0.5551000000000 0.6194000000000 
500 0.0434000000000 0.6364000000000 0.4999000000000 
505 0.0496000000000 0.7177000000000 0.4175000000000 
510 0.0557000000000 0.7989000000000 0.3351000000000 
515 0.0702000000000 0.8595000000000 0.2780000000000 
520 0.0847000000000 0.9202000000000 0.2209000000000 
525 0.0964000000000 0.9601000000000 0.1887000000000 
530 0.1081000000000 1.0000000000000 0.1565000000000 
535 0.0841000000000 0.9713000000000 0.1272000000000 
540 0.0601000000000 0.9427000000000 0.0979000000000 
545 0.0474000000000 0.9068000000000 0.0798000000000 
550 0.0346000000000 0.8710000000000 0.0617000000000 
555 0.0366000000000 0.8120000000000 0.0451000000000 
560 0.0386000000000 0.7530000000000 0.0284000000000 
565 0.0717000000000 0.6871000000000 0.0229000000000 
570 0.1048000000000 0.6212000000000 0.0173000000000 
575 0.2548000000000 0.5543000000000 0.0147000000000 
580 0.4049000000000 0.4874000000000 0.0120000000000 
585 0.5704000000000 0.4155000000000 0.0102000000000 
590 0.7359000000000 0.3435000000000 0.0083000000000 
595 0.7209000000000 0.2730000000000 0.0066000000000 
600 0.7058000000000 0.2024000000000 0.0049000000000 
605 0.6486000000000 0.1531000000000 0.0041000000000 
610 0.5914000000000 0.1037000000000 0.0032000000000 
615 0.5389000000000 0.0823000000000 0.0031000000000 
620 0.4864000000000 0.0608000000000 0.0030000000000 
625 0.4396000000000 0.0516000000000 0.0031000000000 
630 0.3929000000000 0.0424000000000 0.0032000000000 
635 0.3582000000000 0.0378000000000 0.0034000000000 
640 0.3236000000000 0.0333000000000 0.0036000000000 
645 0.2819000000000 0.0281000000000 0.0042000000000 
650 0.2402000000000 0.0229000000000 0.0047000000000 
655 0.2094000000000 0.0205000000000 0.0047000000000 
660 0.1786000000000 0.0181000000000 0.0048000000000 
665 0.1383000000000 0.0153000000000 0.0041000000000 
670 0.0981000000000 0.0124000000000 0.0034000000000 
675 0.0640000000000 0.0088000000000 0.0024000000000 
680 0.0300000000000 0.0051000000000 0.0014000000000 
685 0.0184000000000 0.0033000000000 0.0010000000000 
690 0.0068000000000 0.0015000000000 0.0007000000000 
695 0.0044000000000 0.0013000000000 0.0007000000000 
700 0.0020000000000 0.0010000000000 0.0007000000000 
705 0.0018000000000 0.0008000000000 0.0007000000000 
710 0.0016000000000 0.0006000000000 0.0006000000000 
715 0.0014000000000 0.0006000000000 0.0006000000000 
720 0.0012000000000 0.0005000000000 0.0006000000000 
725 0.0010000000000 0.0005000000000 0.0005000000000 
730 0.0009000000000 0.0004000000000 0.0005000000000 
735 0.0007000000000 0.0003000000000 0.0004000000000 
740 0.0006000000000 0.0003000000000 0.0003000000000 
745 0.0004000000000 0.0002000000000 0.0002000000000 
750 0.0002000000000 0.0001000000000 0.0001000000000 
755 0.0002000000000 0.0001000000000 0.0002000000000 
760 0.0002000000000 0.0001000000000 0.0002000000000 
765 0.0002000000000 0.0001000000000 0.0002000000000 
770 0.0002000000000 0.0001000000000 0.0002000000000 
775 0.0002000000000 0.0002000000000 0.0002000000000 
780 0.0002000000000 0.0002000000000 0.0002000000000
