380 0.0015638430000 0.0001150000000 0.0018095600000
385 0.0018969180000 0.0015211440000 0.0004898280000
390 0.0000000000000 0.0005743050000 0.0008794310000
395 0.0000000000000 0.0000000000000 0.0000000000000
400 0.0000000000000 0.0000000000000 0.0015324610000
405 0.0007177670000 0.0011972240000 0.0056980560000
410 0.0029239750000 0.0013357150000 0.0166082880000
415 0.0129362680000 0.0131943170000 0.0787912060000
420 0.0495978650000 0.0649710250000 0.3617135040000
425 0.0760725040000 0.1151030870000 0.6597046210000
430 0.0765889270000 0.1370658250000 0.7553436000000
435 0.0683338200000 0.1524285260000 0.8104531270000
440 0.0613181620000 0.1686400550000 0.8749452340000
445 0.0547331450000 0.1832993460000 0.9267127400000
450 0.0488620470000 0.1960326350000 0.9631408800000
455 0.0428459200000 0.2173365330000 0.9806504810000
460 0.0402284530000 0.2542435740000 1.0000000000000
465 0.0434079600000 0.3086481190000 0.9964046750000
470 0.0476202140000 0.3734687120000 0.9889698870000
475 0.0507718850000 0.4291580610000 0.9566014000000
480 0.0528032960000 0.4596543240000 0.9049588700000
485 0.0525712200000 0.4710643540000 0.8394092770000
490 0.0478946390000 0.4888561640000 0.7514625960000
495 0.0482399420000 0.5371517810000 0.6601020200000
500 0.0502292410000 0.6164911870000 0.5670687920000
505 0.0550764970000 0.7070063880000 0.4793509480000
510 0.0637021190000 0.8009642460000 0.3940627390000
515 0.0803895130000 0.8813725670000 0.3142706190000
520 0.1003875040000 0.9388779210000 0.2498166340000
525 0.1186131490000 0.9844655960000 0.2018235190000
530 0.1236087510000 1.0000000000000 0.1616339510000
535 0.1030624990000 0.9908402660000 0.1351614310000
540 0.0763410840000 0.9615462650000 0.1099887570000
545 0.0527808640000 0.9281438830000 0.0863943540000
550 0.0411887380000 0.8891023160000 0.0652531310000
555 0.0390438540000 0.8349422290000 0.0478559530000
560 0.0425442940000 0.7763180750000 0.0341393230000
565 0.0602131320000 0.7073142450000 0.0240199100000
570 0.1117962170000 0.6357962020000 0.0197679360000
575 0.2696705970000 0.5655152850000 0.0163484480000
580 0.5645033800000 0.4927551730000 0.0138173390000
585 0.8536012690000 0.4247565420000 0.0119529460000
590 0.9810324220000 0.3517893120000 0.0100090940000
595 1.0000000000000 0.2781784990000 0.0075877630000
600 0.9630710540000 0.2116735320000 0.0064558450000
605 0.9055206190000 0.1567164450000 0.0052297830000
610 0.8342784170000 0.1180396210000 0.0036599850000
615 0.7679873380000 0.0888524950000 0.0039553850000
620 0.7036679800000 0.0701018440000 0.0039683520000
625 0.6391648450000 0.0569089950000 0.0034913800000
630 0.5708129220000 0.0472987910000 0.0040430210000
635 0.4958179620000 0.0411958900000 0.0041893000000
640 0.4383391350000 0.0352520710000 0.0055467690000
645 0.3889699230000 0.0306931310000 0.0054642330000
650 0.3429562120000 0.0268039630000 0.0059738280000
655 0.2927854180000 0.0235243010000 0.0063090680000
660 0.2377071810000 0.0203463330000 0.0061041270000
665 0.1649138680000 0.0154584830000 0.0048365580000
670 0.0912877170000 0.0094407510000 0.0030266480000
675 0.0420561500000 0.0050810220000 0.0017216970000
680 0.0205826790000 0.0029101920000 0.0007806510000
685 0.0102868060000 0.0016265760000 0.0005696310000
690 0.0054075980000 0.0009225160000 0.0002752330000
695 0.0027240930000 0.0004974330000 0.0002967210000
700 0.0012783480000 0.0004121590000 0.0002495120000
705 0.0007812310000 0.0003169260000 0.0000850000000
710 0.0004798140000 0.0002562150000 0.0004191690000
715 0.0004913340000 0.0000000000000 0.0001533170000
720 0.0001741490000 0.0002435350000 0.0000183000000
725 0.0001201750000 0.0000602000000 0.0000000000000
730 0.0000000000000 0.0000000000000 0.0003386940000
735 0.0000612000000 0.0000000000000 0.0000000000000
740 0.0000000000000 0.0000000000000 0.0000000000000
745 0.0000000000000 0.0000171000000 0.0001652780000
750 0.0003109980000 0.0000521000000 0.0001775530000
755 0.0000000000000 0.0000885000000 0.0000000000000
760 0.0000000000000 0.0000000000000 0.0000243000000
765 0.0000000000000 0.0000000000000 0.0000618000000
770 0.0000856000000 0.0001380000000 0.0002626070000
775 0.0001383140000 0.0001786500000 0.0002805050000
780 0.0000362000000 0.0000425000000 0.0000000000000
