380 0.01070351 0.01611734 0.00910183
385 0.00886833 0.01364172 0.00947460
390 0.00685820 0.01178321 0.00892802
395 0.00846579 0.01236838 0.01019366
400 0.01628673 0.02480968 0.01768990
405 0.01045624 0.01614185 0.01538890
410 0.01789739 0.02683030 0.11043681
415 0.04484923 0.07256666 0.37269335
420 0.05151796 0.10012634 0.50951706
425 0.04652330 0.11079298 0.57558231
430 0.04446170 0.12865022 0.64852249
435 0.04196042 0.14760037 0.70521708
440 0.03922729 0.16737607 0.76317928
445 0.03585121 0.18254057 0.80913460
450 0.03178538 0.19572474 0.83688555
455 0.02795772 0.21291812 0.84558172
460 0.02681043 0.24719273 0.85310141
465 0.02827173 0.30221094 0.85452737
470 0.03094595 0.36280875 0.83517165
475 0.03535963 0.42822675 0.82117943
480 0.03832960 0.47421299 0.78580632
485 0.03640184 0.48006435 0.71831941
490 0.03322971 0.48918541 0.64356572
495 0.03302307 0.53545183 0.56659300
500 0.03587511 0.61320216 0.48795868
505 0.04135572 0.71529251 0.41519451
510 0.04831954 0.80090488 0.33757566
515 0.06091324 0.87586950 0.26653211
520 0.07838501 0.91926583 0.20301553
525 0.09868409 0.96669546 0.16223559
530 0.10682711 1.00000000 0.13374059
535 0.09192618 0.97678369 0.10794860
540 0.06933520 0.96415485 0.09044720
545 0.05023869 0.94184354 0.07312016
550 0.03870151 0.89412467 0.05559411
555 0.03419018 0.84655008 0.04051650
560 0.03398562 0.78828314 0.02927539
565 0.03675054 0.72748795 0.02152791
570 0.04708229 0.65046676 0.01700286
575 0.09710697 0.58544640 0.01427649
580 0.28485692 0.49886599 0.01216295
585 0.50884081 0.42904845 0.01017439
590 0.58100779 0.34768186 0.00847781
595 0.57748231 0.27529281 0.00689261
600 0.54727549 0.21015235 0.00563390
605 0.50322970 0.15102961 0.00431546
610 0.45652775 0.11336795 0.00391012
615 0.40606458 0.08159473 0.00359147
620 0.36504823 0.06336822 0.00339128
625 0.32969356 0.05155727 0.00333714
630 0.28387621 0.04056255 0.00343332
635 0.25078219 0.03460037 0.00361563
640 0.21647652 0.02893097 0.00384625
645 0.18111594 0.02339429 0.00398698
650 0.15444322 0.01977684 0.00407162
655 0.12961261 0.01664676 0.00414197
660 0.10534670 0.01410772 0.00401454
665 0.08573089 0.01301446 0.00388416
670 0.06704597 0.01163754 0.00344196
675 0.04759109 0.00953770 0.00288596
680 0.03192372 0.00786636 0.00226519
685 0.01558039 0.00490161 0.00155166
690 0.00496982 0.00257145 0.00112635
695 0.00196042 0.00169359 0.00093835
700 0.00120276 0.00134926 0.00079060
705 0.00091482 0.00116751 0.00069673
710 0.00073109 0.00098878 0.00063956
715 0.00063774 0.00091075 0.00058505
720 0.00059039 0.00082032 0.00053879
725 0.00054769 0.00076712 0.00050753
730 0.00051495 0.00073913 0.00048249
735 0.00050084 0.00070755 0.00048409
740 0.00048918 0.00070484 0.00048003
745 0.00046995 0.00069348 0.00046648
750 0.00049356 0.00070189 0.00046838
755 0.00048731 0.00070851 0.00047506
760 0.00050678 0.00072214 0.00049404
765 0.00051616 0.00073966 0.00050749
770 0.00053160 0.00075440 0.00051652
775 0.00063459 0.00077987 0.00052774
780 0.00057194 0.00075760 0.00046434
