380 0.00266126 0.00440703 0.00385659
385 0.00239627 0.00402355 0.00351358
390 0.00211711 0.00367493 0.00356166
395 0.00214202 0.00352898 0.00354112
400 0.00537347 0.00764940 0.00678131
405 0.00380004 0.00555794 0.00819510
410 0.01470730 0.01801464 0.06754424
415 0.08756552 0.11425123 0.48402632
420 0.09394336 0.14271441 0.60076423
425 0.08739843 0.15801681 0.66148241
430 0.08151528 0.17434783 0.70575345
435 0.07732492 0.19348011 0.74965337
440 0.07424702 0.21541881 0.79359976
445 0.07004243 0.23614434 0.83705603
450 0.06456226 0.25474015 0.86810806
455 0.06013734 0.27991468 0.88483472
460 0.05880751 0.31746902 0.90102290
465 0.06106462 0.36868041 0.90512605
470 0.06555114 0.43079842 0.89214573
475 0.07197144 0.49838513 0.88583311
480 0.07633316 0.54897467 0.86164159
485 0.07394105 0.56768793 0.81031776
490 0.06820064 0.57566123 0.74565430
495 0.06763448 0.62056313 0.68498222
500 0.07144023 0.69225307 0.61539473
505 0.07781877 0.77037769 0.54156184
510 0.08620978 0.83826164 0.46427123
515 0.10254939 0.90650717 0.38992489
520 0.12702109 0.96029876 0.32279071
525 0.15140494 0.99589588 0.27081176
530 0.15657159 1.00000000 0.22842835
535 0.13761206 0.99597082 0.19590353
540 0.10695725 0.98242107 0.16865571
545 0.08036010 0.96036051 0.14259377
550 0.06368083 0.92796686 0.11537757
555 0.05552850 0.87864746 0.08796392
560 0.05446906 0.83490235 0.06660624
565 0.05831225 0.78492669 0.05148372
570 0.07259016 0.73170064 0.04197795
575 0.13400376 0.68040797 0.03609164
580 0.32694218 0.61690528 0.03106791
585 0.51836344 0.54706422 0.02639178
590 0.57695762 0.47551629 0.02232159
595 0.56823564 0.40211873 0.01875014
600 0.53555842 0.32926514 0.01594204
605 0.48735699 0.25869788 0.01328728
610 0.43818507 0.19667647 0.01131307
615 0.39331975 0.14772577 0.01013554
620 0.34870505 0.11167331 0.00964659
625 0.30596548 0.08671003 0.00949992
630 0.26729242 0.06955798 0.00960742
635 0.23143292 0.05631814 0.00984678
640 0.19860316 0.04475465 0.00978960
645 0.17011002 0.03550843 0.00999662
650 0.14356704 0.02809161 0.01001493
655 0.11955946 0.02289143 0.00981052
660 0.09798206 0.01896408 0.00909525
665 0.07891386 0.01637221 0.00809890
670 0.06323842 0.01444260 0.00691553
675 0.04826495 0.01259071 0.00577392
680 0.02934187 0.00872454 0.00355549
685 0.01440123 0.00490862 0.00175274
690 0.00671928 0.00258005 0.00092326
695 0.00222194 0.00100872 0.00032985
700 0.00068093 0.00042828 0.00021912
705 0.00024572 0.00020969 0.00013125
710 0.00019805 0.00019803 0.00013764
715 0.00014790 0.00016142 0.00010917
720 0.00014990 0.00017389 0.00011684
725 0.00017389 0.00015010 0.00014275
730 0.00014365 0.00014672 0.00012452
735 0.00013257 0.00013901 0.00011720
740 0.00012976 0.00013357 0.00011475
745 0.00011254 0.00013207 0.00010124
750 0.00009969 0.00011356 0.00008835
755 0.00012954 0.00014818 0.00011708
760 0.00011534 0.00011728 0.00010723
765 0.00010124 0.00011453 0.00009086
770 0.00010311 0.00010132 0.00009212
775 0.00010808 0.00010558 0.00009729
780 0.00010626 0.00008036 0.00010140
